12080200
17128516
89260775
17442961
17607578
7459757
136332296
941406
104094656
5093679
2088863
17691316
73615286
2088874
76297680
34233991
66480900
114374790
71444788
54146461
67918923
105098860
104233816
427509542
14637341
17599100
10961097
17989328
89260729
1503928
17637121
15179126
105281826
17442939
120376978
10961102
30531761
83934723
89260757
14628429
88312527
10864638
116435452
17609973
30531781
123457120
62743723
17686047
13206037
69962769
800141
68153266
6587038
89260781
10864741
778768
66137819
78522086
136332288
13206041
14633889
67238728
936453
3310007
13206034
14628424
13206038
120414848
19786461
95341550
3152592
5026980
17691312
13206035
83934715
61243194
61235088
7230322
69962770
11394763
61243198
13211906
15422791
14627136
92476606
2067713
85900429
62005374
3134812
34963141
18084368
123457126
4952882
98352396
940441
69924577
6311679
8989068
947998
2657835
3506712
105280938
16348184
65579489
116435442
15523336
89260819
3506706
13159665
105281784
669354
54580171
123457130
14633869
6641069
89260773
17127234
66539542
34961141
89260771
86724667
114779084
5093676
125988135
17127221
89260795
6633932
89260823
78670930
1503935
92720002
62304807
3120658
16501737
77966651
93719786
13206033
969334
13206503
145285730
133388746
89260763
4357944
67238730
67677910
17127264
5093677
123457122
17691309
61840053
123457114
664510
3107309
6629310
123457118
133388742
105927126
17607585
1503943
13206040
66137825
3603700
759336
34234081
1655615
1870243
13209520
107474572
13570410
5741051
935257
89260733
66137818
144098540
3135842
66537267
65993732
2033867
63359977
138547431
116876974
83934711
18055195
62005369
4084762
71444773
10864749
90432221
75569821
6328723
105428406
2465906
17442782
89260785
105098838
116467660
17442790
123457136
15179144
13206504
13206039
111969096
85562278
2033843
12080194
4084758
75457547
69962773
624838
30531881
17128367
17691313
116435428
15586302
98352410
3100447
131300756
88312531
89260799
34234051
10864637
17127261
14614446
1314868
116467666
7459756
105927098
779232
17607580
123457134
14639867
30531871
16501747
101912567
5936386
10983461
7853309
116436970
69924574
123457128
34963161
116436922
75799760
17975499
17944072
71511136
105281798
98352338
107790262
668396
963064
947969
2067643
88299277
15715683
17442951
81086516
30515461
102433870
89260753
428937312
4315004
80869716
3603696
29373591
2067665
120414844
3100600
17599107
125965499
10864740
14618884
30515451
3129787
